Product 0: Pairs: [0, 3, 4, 6, 7, 8, 14, 15, 17, 18, 19, 42, 44, 45, 46, 51, 52, 53, 63, 64, 68]
Product 1: Pairs: [1, 3, 4, 6, 7, 8, 24, 25, 27, 28, 29, 42, 44, 45, 46, 51, 52, 53, 63, 64, 68]
Product 2: Pairs: [0, 2, 3, 4, 6, 7, 8, 13, 14, 15, 17, 18, 19, 33, 34, 36, 37, 38, 42, 44, 45, 46, 51, 52, 53, 63, 64, 68]
Product 3: Pairs: [1, 2, 3, 4, 6, 7, 8, 23, 24, 25, 27, 28, 29, 33, 34, 36, 37, 38, 42, 44, 45, 46, 51, 52, 53, 63, 64, 68]
Product 4: Pairs: [0, 3, 5, 6, 7, 8, 14, 16, 17, 18, 19, 43, 44, 45, 46, 57, 58, 59, 63, 64, 68]
Product 5: Pairs: [0, 3, 4, 5, 6, 7, 8, 14, 15, 16, 17, 18, 19, 42, 43, 44, 45, 46, 50, 51, 52, 53, 57, 58, 59, 63, 64, 68]
Product 6: Pairs: [0, 2, 3, 5, 6, 7, 8, 13, 14, 16, 17, 18, 19, 33, 35, 36, 37, 38, 43, 44, 45, 46, 57, 58, 59, 63, 64, 68]
Product 7: Pairs: [0, 2, 3, 4, 5, 6, 7, 8, 13, 14, 15, 16, 17, 18, 19, 33, 34, 35, 36, 37, 38, 42, 43, 44, 45, 46, 50, 51, 52, 53, 57, 58, 59, 63, 64, 68]
Product 8: Pairs: [1, 3, 5, 6, 7, 8, 24, 26, 27, 28, 29, 43, 44, 45, 46, 57, 58, 59, 63, 64, 68]
Product 9: Pairs: [1, 3, 4, 5, 6, 7, 8, 24, 25, 26, 27, 28, 29, 42, 43, 44, 45, 46, 50, 51, 52, 53, 57, 58, 59, 63, 64, 68]
Product 10: Pairs: [1, 2, 3, 5, 6, 7, 8, 23, 24, 26, 27, 28, 29, 33, 35, 36, 37, 38, 43, 44, 45, 46, 57, 58, 59, 63, 64, 68]
Product 11: Pairs: [1, 2, 3, 4, 5, 6, 7, 8, 23, 24, 25, 26, 27, 28, 29, 33, 34, 35, 36, 37, 38, 42, 43, 44, 45, 46, 50, 51, 52, 53, 57, 58, 59, 63, 64, 68]
Product 12: Pairs: [0, 3, 4, 6, 7, 9, 14, 15, 17, 18, 20, 42, 44, 45, 47, 51, 52, 54, 63, 65, 69]
Product 13: Pairs: [0, 3, 4, 6, 7, 8, 9, 14, 15, 17, 18, 19, 20, 42, 44, 45, 46, 47, 51, 52, 53, 54, 63, 64, 65, 68, 69, 72]
Product 14: Pairs: [0, 2, 3, 4, 6, 7, 9, 13, 14, 15, 17, 18, 20, 33, 34, 36, 37, 39, 42, 44, 45, 47, 51, 52, 54, 63, 65, 69]
Product 15: Pairs: [0, 2, 3, 4, 6, 7, 8, 9, 13, 14, 15, 17, 18, 19, 20, 33, 34, 36, 37, 38, 39, 42, 44, 45, 46, 47, 51, 52, 53, 54, 63, 64, 65, 68, 69, 72]
Product 16: Pairs: [0, 3, 5, 6, 7, 9, 14, 16, 17, 18, 20, 43, 44, 45, 47, 57, 58, 60, 63, 65, 69]
Product 17: Pairs: [0, 3, 4, 5, 6, 7, 9, 14, 15, 16, 17, 18, 20, 42, 43, 44, 45, 47, 50, 51, 52, 54, 57, 58, 60, 63, 65, 69]
Product 18: Pairs: [0, 3, 5, 6, 7, 8, 9, 14, 16, 17, 18, 19, 20, 43, 44, 45, 46, 47, 57, 58, 59, 60, 63, 64, 65, 68, 69, 72]
Product 19: Pairs: [0, 3, 4, 5, 6, 7, 8, 9, 14, 15, 16, 17, 18, 19, 20, 42, 43, 44, 45, 46, 47, 50, 51, 52, 53, 54, 57, 58, 59, 60, 63, 64, 65, 68, 69, 72]
Product 20: Pairs: [0, 2, 3, 5, 6, 7, 9, 13, 14, 16, 17, 18, 20, 33, 35, 36, 37, 39, 43, 44, 45, 47, 57, 58, 60, 63, 65, 69]
Product 21: Pairs: [0, 2, 3, 4, 5, 6, 7, 9, 13, 14, 15, 16, 17, 18, 20, 33, 34, 35, 36, 37, 39, 42, 43, 44, 45, 47, 50, 51, 52, 54, 57, 58, 60, 63, 65, 69]
Product 22: Pairs: [0, 2, 3, 5, 6, 7, 8, 9, 13, 14, 16, 17, 18, 19, 20, 33, 35, 36, 37, 38, 39, 43, 44, 45, 46, 47, 57, 58, 59, 60, 63, 64, 65, 68, 69, 72]
Product 23: Pairs: [0, 2, 3, 4, 5, 6, 7, 8, 9, 13, 14, 15, 16, 17, 18, 19, 20, 33, 34, 35, 36, 37, 38, 39, 42, 43, 44, 45, 46, 47, 50, 51, 52, 53, 54, 57, 58, 59, 60, 63, 64, 65, 68, 69, 72]
Product 24: Pairs: [1, 3, 4, 6, 7, 9, 24, 25, 27, 28, 30, 42, 44, 45, 47, 51, 52, 54, 63, 65, 69]
Product 25: Pairs: [1, 3, 4, 6, 7, 8, 9, 24, 25, 27, 28, 29, 30, 42, 44, 45, 46, 47, 51, 52, 53, 54, 63, 64, 65, 68, 69, 72]
Product 26: Pairs: [1, 2, 3, 4, 6, 7, 9, 23, 24, 25, 27, 28, 30, 33, 34, 36, 37, 39, 42, 44, 45, 47, 51, 52, 54, 63, 65, 69]
Product 27: Pairs: [1, 2, 3, 4, 6, 7, 8, 9, 23, 24, 25, 27, 28, 29, 30, 33, 34, 36, 37, 38, 39, 42, 44, 45, 46, 47, 51, 52, 53, 54, 63, 64, 65, 68, 69, 72]
Product 28: Pairs: [1, 3, 5, 6, 7, 9, 24, 26, 27, 28, 30, 43, 44, 45, 47, 57, 58, 60, 63, 65, 69]
Product 29: Pairs: [1, 3, 4, 5, 6, 7, 9, 24, 25, 26, 27, 28, 30, 42, 43, 44, 45, 47, 50, 51, 52, 54, 57, 58, 60, 63, 65, 69]
Product 30: Pairs: [1, 3, 5, 6, 7, 8, 9, 24, 26, 27, 28, 29, 30, 43, 44, 45, 46, 47, 57, 58, 59, 60, 63, 64, 65, 68, 69, 72]
Product 31: Pairs: [1, 3, 4, 5, 6, 7, 8, 9, 24, 25, 26, 27, 28, 29, 30, 42, 43, 44, 45, 46, 47, 50, 51, 52, 53, 54, 57, 58, 59, 60, 63, 64, 65, 68, 69, 72]
Product 32: Pairs: [1, 2, 3, 5, 6, 7, 9, 23, 24, 26, 27, 28, 30, 33, 35, 36, 37, 39, 43, 44, 45, 47, 57, 58, 60, 63, 65, 69]
Product 33: Pairs: [1, 2, 3, 4, 5, 6, 7, 9, 23, 24, 25, 26, 27, 28, 30, 33, 34, 35, 36, 37, 39, 42, 43, 44, 45, 47, 50, 51, 52, 54, 57, 58, 60, 63, 65, 69]
Product 34: Pairs: [1, 2, 3, 5, 6, 7, 8, 9, 23, 24, 26, 27, 28, 29, 30, 33, 35, 36, 37, 38, 39, 43, 44, 45, 46, 47, 57, 58, 59, 60, 63, 64, 65, 68, 69, 72]
Product 35: Pairs: [1, 2, 3, 4, 5, 6, 7, 8, 9, 23, 24, 25, 26, 27, 28, 29, 30, 33, 34, 35, 36, 37, 38, 39, 42, 43, 44, 45, 46, 47, 50, 51, 52, 53, 54, 57, 58, 59, 60, 63, 64, 65, 68, 69, 72]
Product 36: Pairs: [0, 3, 4, 6, 7, 11, 14, 15, 17, 18, 22, 42, 44, 45, 49, 51, 52, 56, 63, 67, 71]
Product 37: Pairs: [1, 3, 4, 6, 7, 11, 24, 25, 27, 28, 32, 42, 44, 45, 49, 51, 52, 56, 63, 67, 71]
Product 38: Pairs: [0, 2, 3, 4, 6, 7, 11, 13, 14, 15, 17, 18, 22, 33, 34, 36, 37, 41, 42, 44, 45, 49, 51, 52, 56, 63, 67, 71]
Product 39: Pairs: [1, 2, 3, 4, 6, 7, 11, 23, 24, 25, 27, 28, 32, 33, 34, 36, 37, 41, 42, 44, 45, 49, 51, 52, 56, 63, 67, 71]
Product 40: Pairs: [0, 3, 4, 6, 7, 8, 11, 14, 15, 17, 18, 19, 22, 42, 44, 45, 46, 49, 51, 52, 53, 56, 63, 64, 67, 68, 71, 74]
Product 41: Pairs: [0, 2, 3, 4, 6, 7, 8, 11, 13, 14, 15, 17, 18, 19, 22, 33, 34, 36, 37, 38, 41, 42, 44, 45, 46, 49, 51, 52, 53, 56, 63, 64, 67, 68, 71, 74]
Product 42: Pairs: [1, 3, 4, 6, 7, 8, 11, 24, 25, 27, 28, 29, 32, 42, 44, 45, 46, 49, 51, 52, 53, 56, 63, 64, 67, 68, 71, 74]
Product 43: Pairs: [1, 2, 3, 4, 6, 7, 8, 11, 23, 24, 25, 27, 28, 29, 32, 33, 34, 36, 37, 38, 41, 42, 44, 45, 46, 49, 51, 52, 53, 56, 63, 64, 67, 68, 71, 74]
Product 44: Pairs: [0, 3, 4, 6, 7, 9, 11, 14, 15, 17, 18, 20, 22, 42, 44, 45, 47, 49, 51, 52, 54, 56, 63, 65, 67, 69, 71, 76]
Product 45: Pairs: [0, 2, 3, 4, 6, 7, 9, 11, 13, 14, 15, 17, 18, 20, 22, 33, 34, 36, 37, 39, 41, 42, 44, 45, 47, 49, 51, 52, 54, 56, 63, 65, 67, 69, 71, 76]
Product 46: Pairs: [0, 3, 4, 6, 7, 8, 9, 11, 14, 15, 17, 18, 19, 20, 22, 42, 44, 45, 46, 47, 49, 51, 52, 53, 54, 56, 63, 64, 65, 67, 68, 69, 71, 72, 74, 76]
Product 47: Pairs: [0, 2, 3, 4, 6, 7, 8, 9, 11, 13, 14, 15, 17, 18, 19, 20, 22, 33, 34, 36, 37, 38, 39, 41, 42, 44, 45, 46, 47, 49, 51, 52, 53, 54, 56, 63, 64, 65, 67, 68, 69, 71, 72, 74, 76]
Product 48: Pairs: [1, 3, 4, 6, 7, 9, 11, 24, 25, 27, 28, 30, 32, 42, 44, 45, 47, 49, 51, 52, 54, 56, 63, 65, 67, 69, 71, 76]
Product 49: Pairs: [1, 2, 3, 4, 6, 7, 9, 11, 23, 24, 25, 27, 28, 30, 32, 33, 34, 36, 37, 39, 41, 42, 44, 45, 47, 49, 51, 52, 54, 56, 63, 65, 67, 69, 71, 76]
Product 50: Pairs: [1, 3, 4, 6, 7, 8, 9, 11, 24, 25, 27, 28, 29, 30, 32, 42, 44, 45, 46, 47, 49, 51, 52, 53, 54, 56, 63, 64, 65, 67, 68, 69, 71, 72, 74, 76]
Product 51: Pairs: [1, 2, 3, 4, 6, 7, 8, 9, 11, 23, 24, 25, 27, 28, 29, 30, 32, 33, 34, 36, 37, 38, 39, 41, 42, 44, 45, 46, 47, 49, 51, 52, 53, 54, 56, 63, 64, 65, 67, 68, 69, 71, 72, 74, 76]
Product 52: Pairs: [0, 3, 4, 6, 7, 10, 11, 14, 15, 17, 18, 21, 22, 42, 44, 45, 48, 49, 51, 52, 55, 56, 63, 66, 67, 70, 71, 77]
Product 53: Pairs: [1, 3, 4, 6, 7, 10, 11, 24, 25, 27, 28, 31, 32, 42, 44, 45, 48, 49, 51, 52, 55, 56, 63, 66, 67, 70, 71, 77]
Product 54: Pairs: [0, 2, 3, 4, 6, 7, 10, 11, 13, 14, 15, 17, 18, 21, 22, 33, 34, 36, 37, 40, 41, 42, 44, 45, 48, 49, 51, 52, 55, 56, 63, 66, 67, 70, 71, 77]
Product 55: Pairs: [1, 2, 3, 4, 6, 7, 10, 11, 23, 24, 25, 27, 28, 31, 32, 33, 34, 36, 37, 40, 41, 42, 44, 45, 48, 49, 51, 52, 55, 56, 63, 66, 67, 70, 71, 77]
Product 56: Pairs: [0, 3, 4, 6, 7, 8, 10, 11, 14, 15, 17, 18, 19, 21, 22, 42, 44, 45, 46, 48, 49, 51, 52, 53, 55, 56, 63, 64, 66, 67, 68, 70, 71, 73, 74, 77]
Product 57: Pairs: [0, 2, 3, 4, 6, 7, 8, 10, 11, 13, 14, 15, 17, 18, 19, 21, 22, 33, 34, 36, 37, 38, 40, 41, 42, 44, 45, 46, 48, 49, 51, 52, 53, 55, 56, 63, 64, 66, 67, 68, 70, 71, 73, 74, 77]
Product 58: Pairs: [1, 3, 4, 6, 7, 8, 10, 11, 24, 25, 27, 28, 29, 31, 32, 42, 44, 45, 46, 48, 49, 51, 52, 53, 55, 56, 63, 64, 66, 67, 68, 70, 71, 73, 74, 77]
Product 59: Pairs: [1, 2, 3, 4, 6, 7, 8, 10, 11, 23, 24, 25, 27, 28, 29, 31, 32, 33, 34, 36, 37, 38, 40, 41, 42, 44, 45, 46, 48, 49, 51, 52, 53, 55, 56, 63, 64, 66, 67, 68, 70, 71, 73, 74, 77]
Product 60: Pairs: [0, 3, 4, 6, 7, 9, 10, 11, 14, 15, 17, 18, 20, 21, 22, 42, 44, 45, 47, 48, 49, 51, 52, 54, 55, 56, 63, 65, 66, 67, 69, 70, 71, 75, 76, 77]
Product 61: Pairs: [1, 3, 4, 6, 7, 9, 10, 11, 24, 25, 27, 28, 30, 31, 32, 42, 44, 45, 47, 48, 49, 51, 52, 54, 55, 56, 63, 65, 66, 67, 69, 70, 71, 75, 76, 77]
Product 62: Pairs: [0, 2, 3, 4, 6, 7, 9, 10, 11, 13, 14, 15, 17, 18, 20, 21, 22, 33, 34, 36, 37, 39, 40, 41, 42, 44, 45, 47, 48, 49, 51, 52, 54, 55, 56, 63, 65, 66, 67, 69, 70, 71, 75, 76, 77]
Product 63: Pairs: [1, 2, 3, 4, 6, 7, 9, 10, 11, 23, 24, 25, 27, 28, 30, 31, 32, 33, 34, 36, 37, 39, 40, 41, 42, 44, 45, 47, 48, 49, 51, 52, 54, 55, 56, 63, 65, 66, 67, 69, 70, 71, 75, 76, 77]
Product 64: Pairs: [0, 3, 4, 6, 7, 8, 9, 10, 11, 14, 15, 17, 18, 19, 20, 21, 22, 42, 44, 45, 46, 47, 48, 49, 51, 52, 53, 54, 55, 56, 63, 64, 65, 66, 67, 68, 69, 70, 71, 72, 73, 74, 75, 76, 77]
Product 65: Pairs: [1, 3, 4, 6, 7, 8, 9, 10, 11, 24, 25, 27, 28, 29, 30, 31, 32, 42, 44, 45, 46, 47, 48, 49, 51, 52, 53, 54, 55, 56, 63, 64, 65, 66, 67, 68, 69, 70, 71, 72, 73, 74, 75, 76, 77]
Product 66: Pairs: [0, 2, 3, 4, 6, 7, 8, 9, 10, 11, 13, 14, 15, 17, 18, 19, 20, 21, 22, 33, 34, 36, 37, 38, 39, 40, 41, 42, 44, 45, 46, 47, 48, 49, 51, 52, 53, 54, 55, 56, 63, 64, 65, 66, 67, 68, 69, 70, 71, 72, 73, 74, 75, 76, 77]
Product 67: Pairs: [1, 2, 3, 4, 6, 7, 8, 9, 10, 11, 23, 24, 25, 27, 28, 29, 30, 31, 32, 33, 34, 36, 37, 38, 39, 40, 41, 42, 44, 45, 46, 47, 48, 49, 51, 52, 53, 54, 55, 56, 63, 64, 65, 66, 67, 68, 69, 70, 71, 72, 73, 74, 75, 76, 77]
